0000000009000000900000000000009000000900000090000000000009000000900000000000090000000090000000000999
0000000000900000099900000000990000000090000909000000000000900009000000000000009000009999000000009000
9000000099000000000990000009090000000900900900000000000099000000900000009099990000000909990000090900
0000000009000000099009000000009090009009099090000000000090000000990900090900090000000000909000900000
0000000090000000099000909900990909090909000009000000009990000009009090900090009000009099000909000000
0990900009999000090999099999000000900090000099000099090009009090000009000000000900000090000099900009
9999000099000900900900000900000000090909000000990990900009000900000000900000009090900099000009090900
0900999999000099009000009000000009999000000000099000090000909900900000900000090009090900900099009909
0990000099000090000900000900009090900900000000009000000099090099000000900000090090009000909900000090
9000000990900009009000990900000900090000000000009090000000009009900009900009900000090000090990090000
9900000900909090000999009000009900990000000000099990000000009000900090000090000000009000900009909090
0090009000090990000009000900000099099000000009999009999009990009990009000999900000000999000999900909
0009009000000009009990000090900900099000000000990000009090000000909009990999000000000009000009000000
0009990000000000990009000009909000009900090099900000000999000009009990009009900000000090000090000009
0000090900000000900009000090090000000999900999000000000090900090000090000000900000000900000900000000
0000999000000000900009009090000000009000090990000000000900990009990900000099900000099090090900000000
0000090000000009000009090999000000090900099099000000999000009009009000000999900000090090909900000000
0000999900000099000090900000900000090000000009000009000000000990009000009000099990900009009000000000
0000099900090990000000900090090009900000000990900999000000099990090000090000090009000009000900000009
0000990090909900000000900000009909000000000090090900900000090009999000900000009900000000900900000000
9009900999909000000000090000000990990000000009009900000000099090099900990000009000000009009090000000
9999000090000900000000090000009000090000000090099990000000900000009099099900009000000090090009000000
9090900009990090009000090000090000900000000090909000009909000000009000000990909900000999099009990909
0000090000909009090900900000900000090090009999900900090099900000009000000909090090909990909090099990
0000090009009099900909000000900000090990990090900990900099099000000900009000000009999000009000009000
0000009090900909000090000009009009099009090090000999000009000900009000090000000000090990000000000900
9000099090000900900009090090090990900090009900000900000000000900090900999090000000990900000000009000
0000000900000000090009990999900900090909090000000090000000000900000099099900000009900090000000099999
0000000090000009900099009990900000999000009000000090000000000900000909009999000090000009000090009000
9000090900000000090900000900000000090000009000000090000000000099009009000900990099000009000009990000
0909909000000000009999000090000000099000000990900099000000000909099000000090090999990000900000900000
0990009009000000099900090009900000900000000009990999900009000900990000000009009090000099090009000000
0909000900000000909999909090000000090000000000999990990000909000090000000009000099000909090990000000
0000900999000009000909900909090000009090000909009990099099099090990090000090000909900900009990000000
0000099009000909000009000000900000909990000090009000009090000999909900000090009009099000009900000090
0000009000909090000090000000909000090009900090090000000909009900009009000900090000009000000999090009
0000099000090000000009000999990900900000990900009000000000990000000909999909999000009000000900900090
0000000900009000000099009009900909090000099000009000000099009900000099000090090000099900000090090900
0000909000090909000009909000090090009000090900009000000009900090000999000000090000009900900090009000
0009090000900090900009090000099000000909990900099000000090090909009990000000009990090090990900090000
0990009009900000090909000000000900099090000099999000900900009009009999000000999909900009009990099000
9090009090000000990990909000000099099000000990090909909090090000990009900090090000909900090909909990
0090090900000000009000999000000900999000009000090099990009099000000000900009900000090099900000009900
0000900990000000090099090900009000090000000900009009000090990900000009099009000000009000900000000900
0000000009000000099900000090090000090000009000000900900900900090000090099090000000090009000000000999
0000000009000000009000009900099000900000090000000090099099000999000900090900000000990000900000009000
0000000999000000000909000990909909099000009000000999900009000000909000000909000099090909000000000900
0000909009000000000990009009000090009000090000000090000099000000909900000099000909009990000000000090
0099090009909000099090099000009900900900900000000009000099000000990000000090009000000990000000000009
9909000099099009990009099909000090000090990000000000900900990000009090000009090000909990000900000990
9000000000009990009000909990900900000009090000000009099000009000090000000000999000090099099900009000
0900000000000900000900000900090999000000090000000009000900000900099090000000990000000009990090990000
0000000000000900000090009090099000990009909000009990000000009000009900000009000000000090009009000000
0000000000000090000009090000909000009090009000000999000000000909090090000909000000000009009099000000
9900000000009900000099900000000900000900900909909099000000009090900009090090999900000990090909000900
9090000000090000000009900000090099000900000090090090000000099000090099990090000090000900900000909000
0009000000099000000990000000000000900900000000000900000000900000009909990900000009009009000000099900
0000990900900909000909000000000000909999000000000099000009900000999900999000000000900909090000909900
0000090999000099909009990900000009000909000009000099990099000000099000090000000009909990000000000990
0099099000000009090090909000000909909009000090900999009090900000900000099000000090099900000009009909
0900999000000009009900009900009990090000990900099990900900900009990000009900009900009999000000999009
9090009900000009090900000099000999900000999000099900990099990099009000099990009000000990000000099900
0000009090000000900000000000909990099009090000009900009900909099000990990999099000000900000000000900
0000000009000009000000000009990900000999000000000900000900000999900009900090900909909090000000099000
9000000000900090000000000000990000000009090000009000000900000090000009900900000090099099900000090000
0900000909900099900000000009900000000090990000009000000900000900000090000099000090900009000000009000
0090000099900909000000000000090000000000009000099000099900090999900090900000900909999009000909999900
0099000000999900900000000009900000000000099099900909900099909099900009000000099000999000999090009099
0000900009000090900090000090909090900000999990000090000090000009999090000009900000900000000090090000
0099900099900009090000000900099909090009909999090009000900000000099900000090000000090000000900099090
0909990900099009009909090090009900009099009099900090000900000000009090000900000000090000000090900000
0000099000000990000990909900090009099099000009099900009000000090090090909000000000090000000900900000
0000900000000999009000000000900000009990000000000090009900000909900009000900000000900000090999990000
0000090000099990990990000009000000990999900000000090090000000000900009099990009009900009009000900000
0900900000009900090090000000900000000009090000000090999900000000090000990999000090990990990009000000
0099000000099900990999090900900000000090099000090909099990000000990009990090909090099000000090000000
0009000000990000009090999090990000000900000900009909090990000099900090900000099900090000000099090000
9009000090900000009000090009000000090090009000009090000099990900990990000000900000009009900009990000
0990900909000000090000999000909000090909009900090000000009990900009000000000099000000990900090009000
0000090900990000090000900000999090009000990090999000000000909000999000000000009900000900090099900909
0000099000900000009000900009099900090000090009009000000099000000090900000000909990009000099909009099
0000909090090000000909090009009990900000009000090000000000900000090090900009999909090000990900909009
0009009909090000000090009990009999000000009900009000000000900000900090000099909000900000000099990000
0009000000909090090900009000000090009000000090000900000000990000900009900999900009990000000900000000
0090000000000909909000090000000990000000009990009900090009009099900090099990000000009000009000000000
9099000000009009009909009000000009090009090900990090999090000999990900000900000000000900909900000009
9990000000009090000090900900000099909009900090990999990900009990909000000990000000009999090000000099
0999000000090900000000099000000009009099900009909099000000099090009000009000000000000909009900000000
0990000000090909000000099900000990000999990009000000900000000009009900000990000000099000009900090009
0099909000099000000009099000000900000000900090000000090000000009090000909909900000900000000990999090
0090909900909900000990900900099000000099099900000000900000000009009099090000090000090000000099099090
0000099999009000009000090090900000090090090000000000900000009090000999000000009090900000000900000900
0000000090090000090000909999090000009909009900000000090909000900900990000000009099900000009900009090
0000000900009009909000000090090099999000900909900000009099099009099000000000000999000000000090090009
0000000090099990900000000009009900990000099099000009990099909090090000000000009009990000000909990000
0000000999900900900000000000909000099000090009900090000909000900009000000000099000990000099000900009
0000099090009000990000000009090000009000900009090900000000909000000900000000009000009000900000900000
0000900009000009009000000090009000000900090000009900000000990000000900000000000900009090900000090000
9099000090000000009009090999000000009900900000000090000000900000000900000000000900000909900000900000
9900000900000000009999099990000000090099000000000900000000090000000090000000009000000000090000900000
